0.44993525743484497
1.2144978046417236
0.744334876537323
0.45247358083724976
1.5028406381607056
0.5946529507637024
0.5561826229095459
0.648131787776947
0.6638117432594299
0.594322681427002
0.5869289040565491
1.3277627229690552
1.3144934177398682
0.7663902640342712
0.610736072063446
0.6102006435394287
0.6688193082809448
0.9173091650009155
0.6668730974197388
0.848737895488739
0.7986993193626404
0.7434434294700623
0.8171445727348328
0.6683385968208313
0.9382621645927429
0.8230496048927307
0.5983649492263794
0.6138907074928284
0.5472195744514465
0.4490068554878235
0.6721099019050598
0.5717335939407349
0.46106672286987305
0.8859413266181946
0.5046778321266174
0.724406361579895
0.5771700143814087
0.5177948474884033
0.4118482172489166
0.40839335322380066
0.5475006699562073
0.810308575630188
0.8358666896820068
0.7068354487419128
1.025612473487854
0.7778798341751099
0.9390851855278015
1.262156367301941
0.7045852541923523
1.155196189880371
0.573485791683197
0.6225560307502747
0.5707010626792908
0.7927460074424744
0.8175497055053711
0.7412716746330261
0.7180051803588867
0.5184342861175537
1.02637779712677
1.2006022930145264
1.1643422842025757
0.4311380386352539
0.6336644887924194
0.9295868873596191
0.5417550802230835
0.7423674464225769
0.7759865522384644
0.6322832107543945
0.6055121421813965
0.6567691564559937
0.49345797300338745
0.5851219296455383
0.7071484923362732
0.6488229036331177
0.8365370631217957
0.6505643129348755
0.8336331844329834
0.7004894018173218
0.5898931622505188
0.5899506211280823
0.7888771295547485
0.9273614287376404
0.42262837290763855
0.6173434257507324
0.4128701686859131
0.733229398727417
0.5285120010375977
0.7339382767677307
0.6711573004722595
0.6732271909713745
1.4226264953613281
0.6854863166809082
0.5574936866760254
1.282949447631836
0.37035009264945984
1.3509199619293213
0.502773106098175
0.7239068746566772
0.5229740142822266
0.8645082712173462
0.4330584406852722
0.47523626685142517
1.391350507736206
0.8420411348342896
0.4219328761100769
0.6930976510047913
0.5705062747001648
0.9005982875823975
1.143982172012329
0.6925106644630432
0.6512515544891357
0.7023413777351379
0.935174822807312
0.7682085037231445
1.49262273311615
0.41033095121383667
0.8756976127624512
0.7602155804634094
0.6949371695518494
0.7839019894599915
1.153205394744873
0.7668557167053223
0.7780173420906067
0.7667248249053955
0.6332765221595764
0.7557299733161926
1.022311806678772
0.7332517504692078
0.838874101638794
0.4914776384830475
1.2642959356307983
0.769335925579071
0.9308516979217529
0.7816795110702515
1.4177213907241821
1.495744228363037
0.4764571189880371
0.5049740076065063
0.41944485902786255
0.7400166988372803
0.7389470338821411
0.7994645237922668
0.5785298943519592
0.5430450439453125
0.6153239607810974
0.4537403881549835
0.933086633682251
0.9223016500473022
0.6991707682609558
0.6389930248260498
0.9661222696304321
0.7133220434188843
1.523361086845398
1.4725171327590942
0.74506014585495
0.7772882580757141
0.5378269553184509
0.5217839479446411
0.6823759078979492
0.5943206548690796
0.5365932583808899
0.6585275530815125
0.8215674757957458
0.6590646505355835
0.7006759643554688
0.602127730846405
1.4549574851989746
0.6782854199409485
0.5902085900306702
0.584086537361145
0.5698332786560059
0.713891863822937
0.644479513168335
0.8519310355186462
0.5726332068443298
0.5314589738845825
0.638371467590332
0.6310347318649292
0.9901949167251587
0.5240465998649597
0.5197949409484863
1.511552095413208
0.7434198260307312
0.7193365097045898
0.5514737367630005
0.5123041272163391
1.014689326286316
0.9975298047065735
0.8729373812675476
0.9119917154312134
0.8646831512451172
0.7967625856399536
0.7234979867935181
0.7179533839225769
0.6696030497550964
0.7339757084846497
0.46253910660743713
1.0461657047271729
0.7011328935623169
0.6121394634246826
0.5054255127906799
0.8330168128013611
0.8686848282814026
0.6248944997787476
0.4394003748893738
0.7902743220329285
0.41592592000961304
0.7220059633255005
0.6725484132766724
0.8986045122146606
0.7472610473632812
0.5810985565185547
0.2845470905303955
0.7008213400840759
1.040650486946106
1.3471659421920776
1.2861125469207764
0.6509873270988464
0.8473013043403625
0.7091741561889648
0.8675546050071716
0.8207252025604248
0.9336010217666626
0.5588194727897644
0.6397835612297058
0.674628734588623
0.4759466350078583
0.6223710775375366
0.8068417906761169
0.8888165354728699
0.42684030532836914
1.4575904607772827
0.9748430252075195
0.5434252619743347
0.5531981587409973
1.0532889366149902
0.46288931369781494
0.4810448884963989
0.5686972737312317
0.6112543344497681
0.7350276112556458
0.40191853046417236
0.4545137584209442
0.39495840668678284
0.5891137719154358
0.4258096218109131
0.6614004373550415
0.8793346285820007
0.7671893239021301
0.7891397476196289
0.9892969727516174
1.420871615409851
0.664078414440155
0.5990043878555298
0.7842302322387695
0.8072952032089233
0.4709851145744324
0.7302497625350952
0.568909764289856
0.46842682361602783
0.6159436702728271
0.7607011198997498
0.6414620876312256
0.36871248483657837
0.6305553317070007
0.3495914340019226
0.4762828052043915
0.7295246124267578
0.5298662185668945
0.6806801557540894
0.7022189497947693
0.6598571538925171
1.421108603477478
0.378806471824646
0.39741936326026917
0.5890946388244629
0.6966753602027893
1.137624979019165
1.1191737651824951
0.8537387251853943
0.7586350440979004
0.9242444038391113
0.7190863490104675
1.3816648721694946
0.5932294130325317
0.6308586001396179
0.7000975608825684
0.4518343210220337
1.4101718664169312
1.37353515625
0.5788284540176392
0.8316090106964111
0.6786786317825317
0.41728606820106506
0.6159271001815796
0.548266589641571
0.8493951559066772
0.5446267127990723
0.8309522867202759
0.8042101860046387
0.5488075017929077
0.9573105573654175
0.5016199350357056
0.6108617782592773
0.5815564393997192
0.6515594720840454
0.5879717469215393
0.6223142147064209
0.7165027856826782
0.6439483761787415
0.557233452796936
0.5382151007652283
0.7186995148658752
0.7692529559135437
0.5406212210655212
0.6779292821884155
0.5697081089019775
0.7360070943832397
0.4289601445198059
0.8171560168266296
0.5095270872116089
0.3169730007648468
0.6324945092201233
0.429341197013855
0.6517522931098938
1.0683459043502808
0.8153893947601318
0.7718797922134399
0.43466293811798096
0.5953745245933533
0.995775043964386
0.5680133104324341
0.554478108882904
0.6716399192810059
0.695704996585846
0.8357734680175781
0.45101818442344666
0.7307820916175842
0.7219746112823486
0.47510236501693726
1.0229599475860596
0.4706633687019348
0.5332062244415283
0.6305109262466431
0.7664195895195007
0.674267590045929
0.6885833740234375
0.45618581771850586
0.6011388897895813
0.6127423048019409
0.6935255527496338
0.6121248006820679
0.24365733563899994
0.8503580689430237
0.47122204303741455
0.5746544003486633
0.8500419855117798
0.6017728447914124
0.4956880807876587
0.7438192367553711
0.6121490597724915
0.5948257446289062
0.6462433934211731
0.5786164999008179
1.495663046836853
1.3821887969970703
0.7906606793403625
0.5857903957366943
0.7589837312698364
0.5947349071502686
0.5288749933242798
0.8710702061653137
0.7066221237182617
0.8157568573951721
0.5551440715789795
0.8407409191131592
0.9118784070014954
0.6480187773704529
0.7696508169174194
0.5107574462890625
1.418291687965393
0.8052781224250793
0.8149312734603882
0.7386556267738342
0.634756863117218
0.5611132383346558
0.7708668112754822
0.5940843224525452
0.5399613380432129
0.6282379627227783
0.7532361745834351
0.7178869247436523
0.8259736895561218
0.9418518543243408
0.9732987880706787
0.5754304528236389
0.7824258208274841
0.6924239993095398
0.4371229112148285
0.7082443237304688
0.8506678342819214
0.42533624172210693
0.6349766254425049
0.640989363193512
0.41930222511291504
0.8284618854522705
0.742758572101593
0.5994486212730408
0.5688737630844116
0.8254552483558655
1.536532998085022
0.4007244408130646
0.6095916628837585
0.5493845343589783
0.5152654647827148
0.6348123550415039
0.6707733869552612
0.9712422490119934
0.6939483284950256
0.6603106260299683
0.7729214429855347
0.42264503240585327
0.6929593682289124
0.3604326546192169
0.5869043469429016
1.4519537687301636
0.7946898341178894
0.8343947529792786
0.8268929719924927
0.5603229999542236
0.7659263014793396
0.4276526868343353
0.41526758670806885
0.6688005924224854
0.6979745626449585
0.5714724063873291
0.7470281720161438
0.567176878452301
0.8865535259246826
0.7313075065612793
0.4353332817554474
0.5417593717575073
0.6177974939346313
0.5104656219482422
0.7017683982849121
0.6126184463500977
0.9732838869094849
0.6494367718696594
0.4755539000034332
0.32789114117622375
0.9170255064964294
0.4820424020290375
0.6005471348762512
0.4738337993621826
0.4253009259700775
1.3005588054656982
0.7059651017189026
0.6412473320960999
0.5823631882667542
0.5832573175430298
0.47517937421798706
0.6726105809211731
0.8625904321670532
0.5058082342147827
0.7800435423851013
0.46077829599380493
0.5199601650238037
0.9016616940498352
0.6610914468765259
0.9327545166015625
0.6549539566040039
0.7673000693321228
0.9268401265144348
0.8153380751609802
1.32579505443573
0.49418210983276367
0.5236924290657043
0.5859650373458862
0.5871434211730957
0.7675182819366455
0.7650955319404602
1.1902576684951782
0.8129976987838745
0.6792048215866089
0.3980919420719147
0.4385063648223877
0.5941076278686523
0.5191497802734375
0.632506787776947
0.9049715995788574
0.7134159803390503
0.5745970606803894
0.724888265132904
0.808451771736145
0.5296500325202942
1.364047884941101
1.3224067687988281
0.585241436958313
0.45127061009407043
0.7343531250953674
1.3366565704345703
1.3387774229049683
1.1550369262695312
1.3787457942962646
1.4174860715866089
1.4408942461013794
1.4014859199523926
1.5000115633010864
1.337153673171997
1.4778679609298706
1.3145726919174194
1.34896719455719
1.6843287944793701
1.2967063188552856
1.3511279821395874
1.3920385837554932
1.5846061706542969
1.0442613363265991
1.4018803834915161
1.352034568786621
1.242510437965393
1.4594346284866333
1.5268605947494507
1.3859440088272095
1.2599818706512451
1.3082311153411865
1.4900484085083008
1.3064374923706055
1.3522599935531616
1.3772838115692139
1.3002336025238037
1.532293438911438
1.4485881328582764
1.3256720304489136
1.4172998666763306
1.2944620847702026
1.2026700973510742
1.4566859006881714
1.56779146194458
1.3997865915298462
1.2883161306381226
1.4605356454849243
1.4353764057159424
1.3993815183639526
1.3479474782943726
1.5823869705200195
1.516910433769226
1.282616376876831
1.4337248802185059
1.3812226057052612
1.2704851627349854
1.336592435836792
1.2564952373504639
1.4236836433410645
1.412758231163025
1.1396890878677368
1.2728127241134644
1.5330524444580078
1.1267008781433105
1.3568922281265259
1.3232938051223755
1.230539321899414
1.3059892654418945
1.2716777324676514
1.3311541080474854
1.490632176399231
1.4218512773513794
1.38771390914917
1.3612028360366821
1.308442234992981
1.384405493736267
1.209059715270996
1.3740122318267822
1.3407939672470093
1.5447083711624146
1.150696873664856
1.3504787683486938
1.36566162109375
1.4490684270858765
1.2601313591003418
1.4972143173217773
1.0278561115264893
1.3180309534072876
1.4667673110961914
1.1758434772491455
1.2942019701004028
1.3612749576568604
1.4340006113052368
1.4193036556243896
1.3487221002578735
1.2894952297210693
1.4100043773651123
1.6141859292984009
1.3113900423049927
1.4394444227218628
1.347439169883728
1.090152621269226
1.3215874433517456
1.16917884349823
1.3541326522827148
1.0585607290267944
1.486881971359253
1.5774884223937988
1.4429060220718384
1.5170568227767944
1.4477872848510742
1.603746771812439
1.4204249382019043
1.3151733875274658
1.503930926322937
1.3465527296066284
1.3377387523651123
1.342086911201477
1.4051318168640137
1.4267499446868896
1.3755420446395874
1.4934171438217163
1.4320294857025146
1.0487611293792725
1.2808090448379517
1.4672331809997559
1.3272569179534912
1.413540005683899
1.3510535955429077
1.5000613927841187
1.5425481796264648
1.1476478576660156
1.2790553569793701
1.3702059984207153
1.5346119403839111
1.4590628147125244
1.3306353092193604
1.441880702972412
1.540718674659729
1.3629233837127686
1.3073875904083252
1.34889817237854
1.3997169733047485
1.3824059963226318
1.5032963752746582
1.3197977542877197
1.4588401317596436
1.3539667129516602
1.4473615884780884
1.4968018531799316
1.1852563619613647
1.405686378479004
1.3852896690368652
1.2912896871566772
1.4320483207702637
1.437584638595581
1.5123504400253296
1.5828622579574585
1.274631381034851
1.2209546566009521
1.4510908126831055
1.5278756618499756
1.5127696990966797
1.1147003173828125
1.5360281467437744
1.1802915334701538
1.4062186479568481
1.4256724119186401
1.468058705329895
1.348832130432129
1.411460041999817
1.5889687538146973
1.4778491258621216
1.3693478107452393
1.4071953296661377
1.3054982423782349
1.462878942489624
1.4289854764938354
1.5063116550445557
1.5227491855621338
1.5790743827819824
1.3994266986846924
1.4105631113052368
1.4706275463104248
1.33694326877594
1.3461742401123047
1.4316880702972412
1.5133187770843506
1.495435357093811
1.3031166791915894
1.3301475048065186
1.352632999420166
1.4930169582366943
1.4377394914627075
1.4992786645889282
1.5573880672454834
1.3885467052459717
1.445755958557129
1.53700590133667
1.3487646579742432
1.3210887908935547
1.513112187385559
1.4861143827438354
1.4759992361068726
1.4851672649383545
1.3224942684173584
1.3924965858459473
1.4892863035202026
1.4106565713882446
1.158348560333252
1.4215008020401
1.5182896852493286
1.361622929573059
1.30418062210083
1.0042729377746582
1.3704332113265991
1.5922068357467651
1.485061526298523
1.3559449911117554
1.1959052085876465
1.4137084484100342
1.320713758468628
1.2853991985321045
1.46254301071167
1.3802303075790405
1.4448779821395874
1.3280295133590698
1.414821743965149
1.1211669445037842
1.1985657215118408
1.2030949592590332
1.3454585075378418
1.2305024862289429
1.2998576164245605
1.51552152633667
1.5788803100585938
1.327691674232483
1.4645131826400757
1.2177860736846924
1.3743342161178589
1.5589349269866943
1.1222981214523315
1.5489296913146973
1.4566795825958252
1.2274096012115479
1.4454964399337769
1.4407087564468384
1.4739351272583008
1.4363553524017334
1.4210219383239746
1.4630070924758911
1.322283387184143
1.4197686910629272
1.3547430038452148
1.3072900772094727
1.429244041442871
1.2970160245895386
1.4279733896255493
1.506238579750061
1.2956515550613403
1.3245328664779663
1.2891908884048462
1.4040935039520264
1.2818987369537354
1.336522102355957
1.421415090560913
1.3488106727600098
1.2534725666046143
1.3356109857559204
1.4896167516708374
1.3222918510437012
1.35112726688385
1.2196179628372192
1.1553494930267334
1.4370408058166504
1.3323121070861816
1.6447933912277222
1.4440394639968872
1.4117556810379028
1.3505094051361084
1.2176365852355957
1.3864526748657227
1.3674163818359375
1.4545866250991821
1.3083394765853882
1.3844835758209229
1.1253644227981567
1.4820209741592407
1.4975091218948364
1.255014181137085
1.4447423219680786
1.293838381767273
1.5000333786010742
1.4376333951950073
1.5331920385360718
1.1937100887298584
1.3892159461975098
1.3543540239334106
1.4333508014678955
1.3856627941131592
1.4128196239471436
1.5653551816940308
1.4117501974105835
1.293318510055542
1.3420997858047485
1.2216588258743286
1.5983408689498901
1.3794611692428589
1.4053585529327393
1.4783310890197754
1.3931889533996582
1.4081141948699951
1.6337491273880005
1.4024958610534668
1.370091199874878
1.4744900465011597
1.3746838569641113
1.484275460243225
1.1647419929504395
1.2813441753387451
1.32242751121521
1.3788530826568604
1.2477703094482422
1.5335713624954224
1.348179817199707
1.4493026733398438
1.4731472730636597
1.4844622611999512
1.5210850238800049
1.361431360244751
1.233477234840393
1.4693007469177246
1.4235446453094482
1.38771390914917
1.235803484916687
1.3725018501281738
1.3694379329681396
1.26348876953125
1.2640674114227295
1.6155320405960083
1.5310441255569458
1.4871721267700195
1.2402431964874268
1.3929474353790283
1.5151675939559937
1.4681084156036377
0.9470035433769226
1.279296636581421
1.2860499620437622
1.3059662580490112
1.271442174911499
1.4681904315948486
1.33722984790802
1.2130252122879028
1.4609187841415405
1.5545512437820435
1.2870357036590576
1.54685378074646
1.5293728113174438
1.5512303113937378
1.139117956161499
1.3895102739334106
1.0474885702133179
1.4587112665176392
1.4229154586791992
1.4816452264785767
1.4404457807540894
1.3670377731323242
1.2409931421279907
1.2969738245010376
1.3556145429611206
1.3671597242355347
1.5097966194152832
1.4144904613494873
1.4076745510101318
1.5394645929336548
1.4536824226379395
1.6245877742767334
1.313045620918274
1.4957503080368042
1.4762852191925049
1.210829496383667
1.3230366706848145
1.4123327732086182
1.4496479034423828
1.3957172632217407
1.3432252407073975
1.450945496559143
1.143721342086792
1.4888464212417603
1.348979115486145
1.3575063943862915
1.4735267162322998
1.5324910879135132
1.3539376258850098
1.4955651760101318
1.3679171800613403
1.343610405921936
1.5060874223709106
1.392208218574524
1.4048916101455688
1.1985396146774292
1.3379991054534912
1.3426730632781982
1.1056946516036987
1.5592987537384033
1.3677387237548828
1.4338148832321167
1.3011841773986816
1.3909436464309692
1.4744640588760376
1.3114497661590576
1.237072229385376
1.3915525674819946
1.4460086822509766
1.5423706769943237
1.3854711055755615
1.342519760131836
1.3474396467208862
1.5020707845687866
1.2357858419418335
1.4843449592590332
1.2579517364501953
1.4662541151046753
1.1997833251953125
1.5737336874008179
1.5000945329666138
1.4062526226043701
1.57632315158844
1.5358608961105347
1.2006947994232178
1.3778965473175049
1.1738362312316895
1.1090803146362305
1.3327064514160156
1.4486083984375
1.4723726511001587
1.5220341682434082
1.514197587966919
1.3625638484954834
1.4631589651107788
1.5175607204437256
1.3958525657653809
1.2819312810897827
1.3915044069290161
1.294576644897461
1.3781795501708984
1.2515507936477661
1.4755228757858276
1.4231975078582764
1.5320676565170288
1.5066635608673096
1.4386955499649048
1.4297034740447998
1.3133981227874756
1.4332984685897827
1.4907466173171997
1.4498982429504395
1.131462812423706
1.421862244606018
1.3044023513793945
1.367763638496399
1.3958393335342407
1.3541433811187744
1.3530082702636719
1.4399977922439575
1.2603533267974854
1.0632634162902832
1.3498767614364624
1.4386729001998901
1.487004041671753
1.4451314210891724
1.5425437688827515
1.4207926988601685
1.4073500633239746
1.4042261838912964
1.3602873086929321
1.3497065305709839
1.4614216089248657
1.4383667707443237
1.2096340656280518
1.5156432390213013
1.4291743040084839
1.5667273998260498
1.4078954458236694
1.3452718257904053
1.607182502746582
1.2545832395553589
1.3646336793899536
1.378943681716919
1.465879201889038
1.531954288482666
1.4390575885772705
1.3849060535430908
1.4302384853363037
1.4899399280548096
1.364820122718811
1.4421665668487549
1.5303140878677368
1.5519505739212036
1.341111183166504
1.3845099210739136
1.5338208675384521
1.450571894645691
1.5486726760864258
