ce      tpr     tnr     fnr     fpr     mr      rr

100
----------
0.5	0.5	1.0	0.5	0.0	0.0	0.75	
0.55	0.7	1.0	0.3	0.0	0.0	0.85	
0.6	0.8	1.0	0.2	0.0	0.0	0.9	
0.65	0.89	0.98	0.11	0.02	0.0	0.935	
0.7	0.94	0.97	0.06	0.03	0.0	[0.955]	
0.75	0.97	0.9	0.03	0.1	0.01	0.93	
0.8	1.0	0.67	0.0	0.33	0.01	0.83	
0.85	1.0	0.4	0.0	0.6	0.01	0.695	
----------

200
----------
0.5	0.45	1.0	0.55	0.0	0.0	0.725	
0.55	0.595	0.985	0.405	0.015	0.0	0.79	
0.6	0.705	0.985	0.295	0.015	0.00	0.8425	
0.65	0.805	0.95	0.195	0.05	0.00	[0.875]	
0.7	0.875	0.85	0.125	0.15	0.01	0.8575	
0.75	0.97	0.68	0.03	0.32	0.02	0.8125	
0.8	0.985	0.4	0.015	0.6	0.03	0.6775	
0.85	0.995	0.19	0.005	0.81	0.04	0.5725	
----------

300
----------
0.5	0.376	1.0	0.623	0.0	0.0	0.6883	
0.55	0.546	0.986	0.453	0.013	0.0	0.7666	
0.6	0.693	0.986	0.306	0.013	0.0144	0.835	
0.65	0.8	0.95	0.2	0.05	0.0125	[0.87]	
0.7	0.876	0.863	0.123	0.136	0.0228	0.86	
0.75	0.95	0.64	0.05	0.36	0.0385	0.7766
0.85	0.996	0.176	0.003	0.823	0.0568	0.5583	
----------

400
----------
0.5	0.395	1.0	0.605	0.0	0.006329113924050633	0.69625	
0.55	0.5175	0.9975	0.4825	0.0025	0.00966183574879227	0.755	
0.6	0.64	0.9725	0.36	0.0275	0.01171875	0.8025	
0.65	0.77	0.9475	0.23	0.0525	0.025974025974025976	0.84875	
0.7	0.8675	0.87	0.1325	0.13	0.043227665706051875	0.85	
0.75	0.955	0.645	0.045	0.355	0.07068062827225131	0.76625	
0.8	0.9725	0.38	0.0275	0.62	0.07455012853470437	0.64	
0.85	0.9925	0.1825	0.0075	0.8175	0.08312342569269521	0.54625	
