100
ce	tpr	tnr	fnr	fpr	mr	rr	
----------
0.65	0.15	1.0	0.85	0.0	0.0	0.57	
0.7	0.25	1.0	0.75	0.0	0.0	0.62	
0.75	0.32	1.0	0.68	0.0	0.0	0.66	
0.8	0.4	1.0	0.6	0.0	0.0	0.7	
0.85	0.51	1.0	0.49	0.0	0.0	0.76	
0.9	0.59	0.99	0.41	0.01	0.0	0.79	
0.95	0.73	0.94	0.27	0.06	0.0	0.83	
1.0	0.82	0.86	0.18	0.14	0.02	0.83	
1.05	0.88	0.71	0.12	0.29	0.07	0.77	
1.1	0.94	0.4	0.06	0.6	0.1	0.62	
----------
0.95	0.73	0.94	0.27	0.06	0.0	0.83	
0.96	0.75	0.93	0.25	0.07	0.0	0.84	
0.97	0.76	0.93	0.24	0.07	0.0	0.84	
0.98	0.8	0.92	0.2	0.08	0.01	[0.85]	
0.99	0.81	0.88	0.19	0.12	0.02	0.83	
1.0	0.82	0.86	0.18	0.14	0.02	0.83	
1.01	0.82	0.81	0.18	0.19	0.02	0.81	
1.02	0.83	0.8	0.17	0.2	0.04	0.8	
1.03	0.86	0.78	0.14	0.22	0.06	0.8	
1.04	0.87	0.76	0.13	0.24	0.06	0.79	

200
ce	tpr	tnr	fnr	fpr	mr	rr
----------
0.95	0.69	0.88	0.31	0.12	0.04	0.77	
0.96	0.74	0.86	0.26	0.14	0.06	[0.78]	
0.97	0.75	0.84	0.25	0.15	0.07	0.77	
0.98	0.77	0.83	0.23	0.17	0.08	0.77	
0.99	0.78	0.81	0.22	0.18	0.08	0.77	
1.0	0.78	0.77	0.22	0.23	0.08	0.74	
1.01	0.8	0.72	0.2	0.28	0.08	0.73	
1.02	0.81	0.69	0.2	0.3	0.09	0.71	
1.03	0.84	0.67	0.16	0.34	0.12	0.7	
1.04	0.87	0.62	0.13	0.38	0.14	0.69	

300
ce	tpr	tnr	fnr	fpr	mr	rr	
----------
0.95	0.69	0.85	0.31	0.14	0.05	0.73	
0.96	0.73	0.82	0.27	0.17	0.06	[0.74]	
0.97	0.74	0.81	0.26	0.2	0.07	0.73	
0.98	0.76	0.77	0.24	0.23	0.08	0.72	
0.99	0.77	0.74	0.23	0.26	0.09	0.72	
1.0	0.8	0.69	0.2	0.3	0.11	0.7	
1.01	0.81	0.65	0.19	0.35	0.11	0.69	
1.02	0.82	0.57	0.18	0.42	0.12	0.66	
1.03	0.85	0.55	0.15	0.46	0.14	0.66	
1.04	0.87	0.48	0.13	0.52	0.16	0.63	

400
ce	tpr	tnr	fnr	fpr	mr	rr	
----------
0.95	0.69	0.86	0.31	0.14	0.09	0.68	
0.96	0.73	0.83	0.27	0.17	0.1	0.7	
0.97	0.74	0.81	0.26	0.19	0.11	0.69	
0.98	0.77	0.73	0.23	0.27	0.12	0.68	
0.99	0.78	0.7	0.22	0.3	0.13	0.68	
1.0	0.8	0.67	0.2	0.33	0.14	0.68	
1.01	0.81	0.63	0.18	0.37	0.14	0.68	
1.02	0.83	0.54	0.17	0.46	0.16	0.67	
1.03	0.86	0.5	0.14	0.5	0.17	0.67	
1.04	0.9	0.44	0.1	0.56	0.2	0.66	
ce	tpr	tnr	fnr	fpr	mr	rr	
----------
ce	tpr	tnr	fnr	fpr	mr	rr	
----------
ce	tpr	tnr	fnr	fpr	mr	rr	
----------
